freq	demod_Phase0	demod_Magnitude0
1.000000000000000000e+01	-2.285412243598606175e+00	1.956099393967124320e-03
1.000099999999999945e+01	-1.984820805098429508e+00	2.008091327734770355e-03
1.000200000000000067e+01	-1.710565419268287757e+00	2.131977397698161473e-03
1.000300000000000011e+01	-1.444816764745964655e+00	2.152127490631287540e-03
1.000399999999999956e+01	-1.163176947717445398e+00	2.198568176887182556e-03
1.000500000000000078e+01	-8.842725185106238284e-01	2.177006537619802836e-03
1.000600000000000023e+01	-5.902774437152872311e-01	2.195335286083297324e-03
1.000699999999999967e+01	-3.175302488919461430e-01	2.165847448876512173e-03
1.000799999999999912e+01	-2.067114074013753217e-02	2.151841112191592645e-03
1.000900000000000034e+01	2.598985021959287489e-01	2.139532616948228161e-03
1.000999999999999979e+01	5.720220894117999944e-01	2.082157028221955000e-03
1.001099999999999923e+01	8.539549938732180490e-01	2.024842059376181277e-03
1.001200000000000045e+01	1.189251338365103994e+00	1.960261532167555717e-03
1.001299999999999990e+01	1.497576727932578455e+00	1.889032085161005542e-03
1.001399999999999935e+01	1.815939053195156916e+00	1.883535805806408779e-03
1.001500000000000057e+01	2.157496327008462611e+00	1.787028070519847524e-03
1.001600000000000001e+01	2.476047269204099788e+00	1.761969993131634387e-03
1.001699999999999946e+01	2.841103332693440287e+00	1.750845618077030317e-03
1.001800000000000068e+01	-3.108264600625465057e+00	1.736442864580925449e-03
1.001900000000000013e+01	-2.786565609351766781e+00	1.757638075584695356e-03
1.001999999999999957e+01	-2.440112556012723921e+00	1.799780963905258952e-03
1.002100000000000080e+01	-2.111509672010542182e+00	1.808726059009421998e-03
1.002200000000000024e+01	-1.769749424118288950e+00	1.846550134541001358e-03
1.002299999999999969e+01	-1.460253452292635590e+00	1.930828891540518379e-03
1.002399999999999913e+01	-1.147476061790279944e+00	1.942320621814003266e-03
1.002500000000000036e+01	-8.312342265997093582e-01	2.037421885559678302e-03
1.002599999999999980e+01	-5.464762807306637882e-01	2.067728846499802126e-03
1.002699999999999925e+01	-2.301907524807060845e-01	2.140117010920304565e-03
1.002800000000000047e+01	5.262065232749333493e-02	2.207579023985791963e-03
1.002899999999999991e+01	3.320941507019580241e-01	2.257315437289528562e-03
1.002999999999999936e+01	6.112302855927385092e-01	2.255868711443832948e-03
1.003100000000000058e+01	8.864051629917247821e-01	2.302917742928751316e-03
1.003200000000000003e+01	1.172091579822116092e+00	2.264927625072961186e-03
1.003299999999999947e+01	1.452706008122419679e+00	2.247860519575499341e-03
1.003400000000000070e+01	1.728594743863822281e+00	2.234946351911650236e-03
1.003500000000000014e+01	2.028743508943314566e+00	2.188155231408854540e-03
1.003599999999999959e+01	2.312549099993066903e+00	2.108174091557656841e-03
1.003700000000000081e+01	2.620362324679011756e+00	2.037675271151801609e-03
1.003800000000000026e+01	2.974409526220390454e+00	1.930828614688796926e-03
1.003899999999999970e+01	-2.974933878423879019e+00	1.849935422865475092e-03
1.003999999999999915e+01	-2.627497690940556296e+00	1.797309388685082573e-03
1.004100000000000037e+01	-2.269092582745433351e+00	1.798046623865135743e-03
1.004199999999999982e+01	-1.903086829901636134e+00	1.799892758601574988e-03
1.004299999999999926e+01	-1.538777573025314371e+00	1.774564057360102521e-03
1.004400000000000048e+01	-1.175181158594853059e+00	1.850800731285043473e-03
1.004499999999999993e+01	-8.431530485083997828e-01	1.927485172032455604e-03
1.004599999999999937e+01	-5.178760757776444956e-01	2.048235698488511201e-03
1.004700000000000060e+01	-2.148498413455387501e-01	2.095437430785700855e-03
1.004800000000000004e+01	7.981611932453792913e-02	2.222475278903261828e-03
1.004899999999999949e+01	3.786428170040248564e-01	2.238498180202069202e-03
1.005000000000000071e+01	6.531512757945697745e-01	2.277861713760839443e-03
1.005100000000000016e+01	9.355066200250052866e-01	2.317881593106372543e-03
1.005199999999999960e+01	1.205428216846079703e+00	2.307909903711896898e-03
1.005300000000000082e+01	1.463036851950547668e+00	2.283276713215378131e-03
1.005400000000000027e+01	1.745525217377215110e+00	2.272607072314592521e-03
1.005499999999999972e+01	2.021476044273303962e+00	2.198843709929467882e-03
1.005599999999999916e+01	2.302435493508698805e+00	2.090505020794739943e-03
1.005700000000000038e+01	2.617873752465579962e+00	1.989147146178331729e-03
1.005799999999999983e+01	2.906481214931606605e+00	1.925864450970888025e-03
1.005899999999999928e+01	-3.048755801173935520e+00	1.855355189397328271e-03
1.006000000000000050e+01	-2.692496625751261696e+00	1.760483717006682729e-03
1.006099999999999994e+01	-2.367077279103509291e+00	1.711119478484510138e-03
1.006199999999999939e+01	-2.016301929821065819e+00	1.695711160231153352e-03
1.006300000000000061e+01	-1.650085562125537697e+00	1.738700297437501202e-03
1.006400000000000006e+01	-1.315926746837544403e+00	1.757027066406681784e-03
1.006499999999999950e+01	-9.657047915113101677e-01	1.768067798464308029e-03
1.006600000000000072e+01	-6.298007609328158951e-01	1.866127243259601458e-03
1.006700000000000017e+01	-3.126758845941298159e-01	1.898896637525939986e-03
1.006799999999999962e+01	-1.162388029778657801e-02	1.980730444150943879e-03
1.006900000000000084e+01	3.081919887220591070e-01	2.049984989321992305e-03
1.007000000000000028e+01	6.115321743730999238e-01	2.070768584628607852e-03
1.007099999999999973e+01	8.953953949487365449e-01	2.100138577421558142e-03
1.007199999999999918e+01	1.205072718141340093e+00	2.156674566928889602e-03
1.007300000000000040e+01	1.492867578082540891e+00	2.170973802025346396e-03
1.007399999999999984e+01	1.790166436174761566e+00	2.197873776283534343e-03
1.007499999999999929e+01	2.095793146287041608e+00	2.169295455439295122e-03
1.007600000000000051e+01	2.373034404121101559e+00	2.167785900595984271e-03
1.007699999999999996e+01	2.685530070792132129e+00	2.150402666869406527e-03
1.007799999999999940e+01	2.962985433193963125e+00	2.148988471145233184e-03
1.007900000000000063e+01	-3.007726978666254158e+00	2.116357210684561944e-03
1.008000000000000007e+01	-2.705970010704938034e+00	2.067559063422143902e-03
1.008099999999999952e+01	-2.421691588883922552e+00	2.032525247002391934e-03
1.008200000000000074e+01	-2.107918159893169552e+00	1.951885911074643454e-03
1.008300000000000018e+01	-1.802879540621337595e+00	1.885432073175717909e-03
1.008399999999999963e+01	-1.507723636775742504e+00	1.812882356148536262e-03
1.008500000000000085e+01	-1.172314046790650099e+00	1.738860398709484974e-03
1.008600000000000030e+01	-8.647464177578867428e-01	1.696831950853765940e-03
1.008699999999999974e+01	-5.090963038949392061e-01	1.641351517794394478e-03
1.008799999999999919e+01	-1.673162506800625060e-01	1.577255231253375670e-03
1.008900000000000041e+01	2.173841722833482204e-01	1.542458438970934929e-03
1.008999999999999986e+01	5.875617379168442955e-01	1.546069976095650663e-03
1.009099999999999930e+01	9.371142733523023516e-01	1.621796019958941619e-03
1.009200000000000053e+01	1.299121575568902953e+00	1.645925661389177055e-03
1.009299999999999997e+01	1.629514528685030328e+00	1.730627305442179568e-03
1.009399999999999942e+01	1.947029096873458931e+00	1.871887117107081007e-03
1.009500000000000064e+01	2.249133578741913109e+00	1.949589357195463798e-03
1.009600000000000009e+01	2.550548018301234787e+00	2.059869292956363358e-03
1.009699999999999953e+01	2.847350738919126378e+00	2.154316522152650414e-03
1.009800000000000075e+01	3.117970985369868053e+00	2.176720612488229449e-03
1.009900000000000020e+01	-2.906742290537315032e+00	2.243346845695429713e-03
1.009999999999999964e+01	-2.639595029239879764e+00	2.267327278158659271e-03
1.010100000000000087e+01	-2.364443681043638001e+00	2.291630906710981266e-03
1.010200000000000031e+01	-2.101438500870473014e+00	2.254922348623884017e-03
1.010299999999999976e+01	-1.816148396908989104e+00	2.193067280417007690e-03
1.010399999999999920e+01	-1.558117108846209575e+00	2.092609907623047948e-03
1.010500000000000043e+01	-1.263788752848661989e+00	1.970065425139216810e-03
1.010599999999999987e+01	-9.673271170686383869e-01	1.841939706781984838e-03
1.010699999999999932e+01	-6.489156626760355095e-01	1.743339195728524534e-03
1.010800000000000054e+01	-2.943575434407177394e-01	1.583571736842589095e-03
1.010899999999999999e+01	6.536744455715876034e-02	1.438516989051412528e-03
1.010999999999999943e+01	4.644195406445277841e-01	1.326512979062049275e-03
1.011100000000000065e+01	8.624274451657762963e-01	1.285462166073031215e-03
1.011200000000000010e+01	1.304821532920051208e+00	1.313131172254855062e-03
1.011299999999999955e+01	1.739250346873697284e+00	1.355197420816558291e-03
1.011400000000000077e+01	2.108379407789684024e+00	1.396706925880656595e-03
1.011500000000000021e+01	2.488960417981831430e+00	1.498215460855268884e-03
1.011599999999999966e+01	2.796183844280409225e+00	1.592490830112463802e-03
1.011700000000000088e+01	3.108499162341874733e+00	1.708369593507907914e-03
1.011800000000000033e+01	-2.863264766139526074e+00	1.792058139525080527e-03
1.011899999999999977e+01	-2.572497556373061656e+00	1.857572422838941854e-03
1.011999999999999922e+01	-2.288974717694321370e+00	1.879724035005743464e-03
1.012100000000000044e+01	-2.021098411400236383e+00	1.900627126832795354e-03
1.012199999999999989e+01	-1.774686123738420607e+00	1.851063584320084953e-03
1.012299999999999933e+01	-1.510975753461719195e+00	1.841751262227595953e-03
1.012400000000000055e+01	-1.221227972972523723e+00	1.776263938276888624e-03
1.012500000000000000e+01	-9.639465771993906973e-01	1.700106106487479915e-03
1.012599999999999945e+01	-6.691232843191775581e-01	1.573536117391245324e-03
1.012700000000000067e+01	-3.947753370544935803e-01	1.438574959153226217e-03
1.012800000000000011e+01	-8.966488968413972860e-02	1.351325067813342190e-03
1.012899999999999956e+01	2.265490338790647207e-01	1.180926044488567238e-03
1.013000000000000078e+01	5.479103459423922962e-01	1.090443748378962718e-03
1.013100000000000023e+01	8.883613870137473389e-01	9.693747620931014676e-04
1.013199999999999967e+01	1.271928674136858728e+00	8.824277583064331354e-04
1.013299999999999912e+01	1.717174245570741720e+00	8.176828775052919765e-04
1.013400000000000034e+01	2.118429482286265930e+00	7.355036742483477821e-04
1.013499999999999979e+01	2.564807153901235814e+00	7.435723815990883355e-04
1.013599999999999923e+01	2.986386083177066997e+00	7.157250870303350420e-04
1.013700000000000045e+01	-2.941945225776705808e+00	7.052219994911759294e-04
1.013799999999999990e+01	-2.586838598845874859e+00	7.588674802102685600e-04
1.013899999999999935e+01	-2.223307136381689642e+00	7.272226725816204138e-04
1.014000000000000057e+01	-1.861747247362833146e+00	7.355340980987874842e-04
1.014100000000000001e+01	-1.592402130562232898e+00	7.760007051459655953e-04
1.014199999999999946e+01	-1.279303600336477942e+00	7.713272784105642795e-04
1.014300000000000068e+01	-9.678963549131498478e-01	7.695605558732261089e-04
1.014400000000000013e+01	-7.230062376419806869e-01	7.577328558096175105e-04
1.014499999999999957e+01	-4.458053189632109059e-01	7.261380506601932501e-04
1.014600000000000080e+01	-1.939471331315344160e-01	6.909459228426301051e-04
1.014700000000000024e+01	-1.185856053854852411e-02	6.441872556353124557e-04
1.014799999999999969e+01	1.740902928115640180e-01	5.879767909628805158e-04
1.014899999999999913e+01	3.360941948478123331e-01	5.302649357778435775e-04
1.015000000000000036e+01	4.953815873437049655e-01	4.889434712316821858e-04
1.015099999999999980e+01	6.947312044828388711e-01	4.377348707099933166e-04
1.015199999999999925e+01	7.619532910150050853e-01	3.763353913364111329e-04
1.015300000000000047e+01	7.454321383132449519e-01	3.754128048567211906e-04
1.015399999999999991e+01	8.549140650479180037e-01	3.388994263740315494e-04
1.015499999999999936e+01	7.765785385165037136e-01	3.589268560966420076e-04
1.015600000000000058e+01	7.893641381267335611e-01	3.718423709876375778e-04
1.015700000000000003e+01	8.935035613704990221e-01	3.459737140291007274e-04
1.015799999999999947e+01	1.016509511261932452e+00	4.147173276588068730e-04
1.015900000000000070e+01	1.189103511364271615e+00	3.976282628343600386e-04
1.016000000000000014e+01	1.332568187516641078e+00	3.764628954128552865e-04
1.016099999999999959e+01	1.469288290256382634e+00	3.953286019260208203e-04
1.016200000000000081e+01	1.738065334155861397e+00	3.753202715662831376e-04
1.016300000000000026e+01	2.025942054897966749e+00	3.364934379450797153e-04
1.016399999999999970e+01	2.372228905420089351e+00	2.880727486957860347e-04
1.016499999999999915e+01	2.851894758292918830e+00	2.173947955821790335e-04
1.016600000000000037e+01	-2.958483786748990152e+00	1.798285144157936942e-04
1.016699999999999982e+01	-2.243643343821608571e+00	1.831739621015536609e-04
1.016799999999999926e+01	-1.845310626955629862e+00	2.482542372731531095e-04
1.016900000000000048e+01	-1.367579175524812563e+00	3.306003215468819069e-04
1.016999999999999993e+01	-8.947671792576901151e-01	4.143487083405393654e-04
1.017099999999999937e+01	-5.902063926123904958e-01	4.898167139271662057e-04
1.017200000000000060e+01	-3.424915306557630434e-01	5.603063282563436548e-04
1.017300000000000004e+01	-9.549262469866875991e-02	6.871856063608833666e-04
1.017399999999999949e+01	1.856232462126724547e-01	7.275175905632183439e-04
1.017500000000000071e+01	4.066084922037651039e-01	8.161084125742135761e-04
1.017600000000000016e+01	7.078431021303120962e-01	8.882177240667408743e-04
1.017699999999999960e+01	9.402342194534663022e-01	9.140487095884393181e-04
1.017800000000000082e+01	1.184099574518788334e+00	9.428751568709797760e-04
1.017900000000000027e+01	1.427571248282291538e+00	9.532796425907908182e-04
1.017999999999999972e+01	1.677953933853871149e+00	9.439164294302894442e-04
1.018099999999999916e+01	1.970389871408817051e+00	9.493121393794342168e-04
1.018200000000000038e+01	2.199807691351719718e+00	9.421058275850689896e-04
1.018299999999999983e+01	2.493258716699531696e+00	8.885146771203580179e-04
1.018399999999999928e+01	2.795140448340553530e+00	8.862577750265818611e-04
1.018500000000000050e+01	-3.125317357311711230e+00	8.358353687392493627e-04
1.018599999999999994e+01	-2.845806001173963651e+00	8.068641223222487030e-04
1.018699999999999939e+01	-2.484269231136578604e+00	8.120102440767302350e-04
1.018800000000000061e+01	-2.143416077726120417e+00	7.532054639757925288e-04
1.018900000000000006e+01	-1.751605127649593197e+00	7.565009672958496580e-04
1.018999999999999950e+01	-1.427100049433729811e+00	7.504654451357064713e-04
1.019100000000000072e+01	-1.069642089014815944e+00	7.965804788046732844e-04
1.019200000000000017e+01	-7.282627990060444034e-01	7.999278033201592808e-04
1.019299999999999962e+01	-3.380313942109842706e-01	8.632068911189909235e-04
1.019400000000000084e+01	-2.204601854620553622e-02	8.579476867628050077e-04
1.019500000000000028e+01	2.912012189525713945e-01	9.017520777922461914e-04
1.019599999999999973e+01	6.109004039365759642e-01	9.524919401194171815e-04
1.019699999999999918e+01	9.056508311946195322e-01	1.031223922170753987e-03
1.019800000000000040e+01	1.259496326568473989e+00	1.059707656568717590e-03
1.019899999999999984e+01	1.542159530803027145e+00	1.086912561864691266e-03
1.019999999999999929e+01	1.836323013832601658e+00	1.156103642763356767e-03
1.020100000000000051e+01	2.114008643304858381e+00	1.150954030070456364e-03
1.020199999999999996e+01	2.397634806627693571e+00	1.202450441284135191e-03
1.020299999999999940e+01	2.703026812558916969e+00	1.260575207204423431e-03
1.020400000000000063e+01	2.991541163794999125e+00	1.256503320781282790e-03
1.020500000000000007e+01	-3.005944416505420325e+00	1.299686554263529805e-03
1.020599999999999952e+01	-2.757351615594393568e+00	1.335836598191940611e-03
1.020700000000000074e+01	-2.455464110980011494e+00	1.316413632639326778e-03
1.020800000000000018e+01	-2.177042775926653739e+00	1.321511106658524067e-03
1.020899999999999963e+01	-1.897587121210227989e+00	1.316855578554085087e-03
1.021000000000000085e+01	-1.607154761328731807e+00	1.258764208470562534e-03
1.021100000000000030e+01	-1.335466598370744773e+00	1.227669861761619121e-03
1.021199999999999974e+01	-1.036730765700379919e+00	1.154280008751687459e-03
1.021299999999999919e+01	-6.847481099025833906e-01	1.093808189173791365e-03
1.021400000000000041e+01	-3.585560090732798910e-01	1.083247359435041482e-03
1.021499999999999986e+01	1.754252729826111246e-02	1.022936263462066297e-03
1.021599999999999930e+01	3.794371079607384289e-01	9.988050111935215490e-04
1.021700000000000053e+01	7.404798921686024382e-01	1.004705527765691877e-03
1.021799999999999997e+01	1.118114521251175386e+00	1.007600044366941316e-03
1.021899999999999942e+01	1.457778545103952439e+00	1.072369477696659456e-03
1.022000000000000064e+01	1.811064509913852483e+00	1.130103902947134954e-03
1.022100000000000009e+01	2.140263687402668147e+00	1.193656510544063593e-03
1.022199999999999953e+01	2.457789088191215221e+00	1.262112203096541450e-03
1.022300000000000075e+01	2.790420845047953957e+00	1.343934437924473998e-03
1.022400000000000020e+01	3.067867014062440667e+00	1.365876062077954348e-03
1.022499999999999964e+01	-2.920799670929256742e+00	1.464133006360391438e-03
1.022600000000000087e+01	-2.680921002849204537e+00	1.505132368717802772e-03
1.022700000000000031e+01	-2.390238578994341001e+00	1.533485297811254403e-03
1.022799999999999976e+01	-2.143452745365610923e+00	1.589071474881465808e-03
1.022899999999999920e+01	-1.866142422038654658e+00	1.588279888706473162e-03
1.023000000000000043e+01	-1.632578654145229624e+00	1.550644593124682292e-03
1.023099999999999987e+01	-1.358567677484072034e+00	1.541812979924193049e-03
1.023199999999999932e+01	-1.084116196802951571e+00	1.488980683057296696e-03
1.023300000000000054e+01	-7.890815994877056205e-01	1.435293409043280830e-03
1.023399999999999999e+01	-5.130556910424657335e-01	1.349972774267195778e-03
1.023499999999999943e+01	-1.804653421132788038e-01	1.265270247585137051e-03
1.023600000000000065e+01	1.617502960127127631e-01	1.215139216501731536e-03
1.023700000000000010e+01	4.836036584215150369e-01	1.190447695493046260e-03
1.023799999999999955e+01	8.356445887648916715e-01	1.124894115188271012e-03
1.023900000000000077e+01	1.245681394984901935e+00	1.114690579179312795e-03
1.024000000000000021e+01	1.604017331702825233e+00	1.113324673419074365e-03
1.024099999999999966e+01	1.947303480725083968e+00	1.187581596976254724e-03
1.024200000000000088e+01	2.319405876451737569e+00	1.195429692759046982e-03
1.024300000000000033e+01	2.634136663176671611e+00	1.288300050409225224e-03
1.024399999999999977e+01	2.972374799745645557e+00	1.366235705826845254e-03
1.024499999999999922e+01	-2.993833644031455243e+00	1.392151600062508255e-03
1.024600000000000044e+01	-2.683905943987101583e+00	1.477140008182682230e-03
1.024699999999999989e+01	-2.413229180996002476e+00	1.541795600346545798e-03
1.024799999999999933e+01	-2.106012860848270662e+00	1.570611490621730277e-03
1.024900000000000055e+01	-1.851276466367767437e+00	1.617222141175215806e-03
1.025000000000000000e+01	-1.564084586351134121e+00	1.610589944247795132e-03
1.025099999999999945e+01	-1.283191946371494918e+00	1.659989971740839440e-03
1.025200000000000067e+01	-1.006822007902261618e+00	1.641342890635119969e-03
1.025300000000000011e+01	-7.222365110290421830e-01	1.621193810002957659e-03
1.025399999999999956e+01	-4.192509064462428547e-01	1.571831952753650809e-03
1.025500000000000078e+01	-1.523961269542962738e-01	1.552657087521110840e-03
1.025600000000000023e+01	1.464140300863090438e-01	1.489601210499101342e-03
1.025699999999999967e+01	4.576853060452319433e-01	1.476612755052180044e-03
1.025799999999999912e+01	7.860467309827814386e-01	1.393814754442237363e-03
1.025900000000000034e+01	1.101088545541484276e+00	1.336358680664601669e-03
1.025999999999999979e+01	1.431046372705753633e+00	1.334684445971453821e-03
1.026099999999999923e+01	1.739848269047328255e+00	1.269381699872406972e-03
1.026200000000000045e+01	2.079179085711139408e+00	1.254344673360881929e-03
1.026299999999999990e+01	2.435112667332008041e+00	1.267815320041853957e-03
1.026399999999999935e+01	2.793523810274630925e+00	1.243582747861035273e-03
1.026500000000000057e+01	3.101890678599467766e+00	1.272503325754459130e-03
1.026600000000000001e+01	-2.842139928213084588e+00	1.303107758753049069e-03
1.026699999999999946e+01	-2.508955458335333066e+00	1.315305623902823188e-03
1.026800000000000068e+01	-2.198771451033175950e+00	1.372347488502919212e-03
1.026900000000000013e+01	-1.871553758532638279e+00	1.432204219510496658e-03
1.026999999999999957e+01	-1.581684403976638897e+00	1.457708843927813750e-03
1.027100000000000080e+01	-1.279361217040465570e+00	1.475753154972354831e-03
1.027200000000000024e+01	-9.643292967283673134e-01	1.526937330614011991e-03
1.027299999999999969e+01	-6.831473882047969237e-01	1.587091012752157079e-03
1.027400000000000091e+01	-3.913584344304975038e-01	1.605066883946258899e-03
1.027500000000000036e+01	-1.190935480590286782e-01	1.635978442261946421e-03
1.027599999999999980e+01	1.558949433864229850e-01	1.607581780344605627e-03
1.027699999999999925e+01	4.320153395495036075e-01	1.625040796264333237e-03
1.027800000000000047e+01	7.114458434618329274e-01	1.608353184301179869e-03
1.027899999999999991e+01	1.013899974259905523e+00	1.562580654993510213e-03
1.027999999999999936e+01	1.310465070104624541e+00	1.534891661149368576e-03
1.028100000000000058e+01	1.607253607499392833e+00	1.486195424267626290e-03
1.028200000000000003e+01	1.909342028641688449e+00	1.453444304752067682e-03
1.028299999999999947e+01	2.238774262585534913e+00	1.416745441988754694e-03
1.028400000000000070e+01	2.535646281624735821e+00	1.334101852051954246e-03
1.028500000000000014e+01	2.883863599053947180e+00	1.288079874104034513e-03
1.028599999999999959e+01	-3.074014023562627429e+00	1.271394050009853373e-03
1.028700000000000081e+01	-2.712487072735208393e+00	1.280117931819281128e-03
1.028800000000000026e+01	-2.345824143931353856e+00	1.252282572400538387e-03
1.028899999999999970e+01	-2.012867425703818380e+00	1.287501559744761966e-03
1.028999999999999915e+01	-1.672489430575029745e+00	1.302114296456253475e-03
1.029100000000000037e+01	-1.314817026068444861e+00	1.361435588842705964e-03
1.029199999999999982e+01	-1.017038470871369782e+00	1.396852440032759438e-03
1.029299999999999926e+01	-6.942579900349127309e-01	1.416928951069871320e-03
1.029400000000000048e+01	-3.858102477265616947e-01	1.448859947041391746e-03
1.029499999999999993e+01	-1.036542540572089333e-01	1.490440367771271764e-03
1.029599999999999937e+01	1.763919700178260552e-01	1.545064128056730657e-03
1.029700000000000060e+01	4.864490488573131599e-01	1.549260740118719353e-03
1.029800000000000004e+01	7.626178915808706771e-01	1.599766932034759562e-03
1.029899999999999949e+01	1.030345242239691039e+00	1.595638123441261904e-03
1.030000000000000071e+01	1.308308179858979292e+00	1.587074097602024936e-03
1.030100000000000016e+01	1.593334647439121676e+00	1.570462630029086310e-03
1.030199999999999960e+01	1.897893896236146460e+00	1.548392853809620658e-03
1.030300000000000082e+01	2.195507500397566591e+00	1.473117749473798694e-03
1.030400000000000027e+01	2.515942703786294921e+00	1.450750059404068469e-03
1.030499999999999972e+01	2.843126884460764447e+00	1.462551608337387928e-03
1.030599999999999916e+01	-3.098845174246059209e+00	1.428339159459453929e-03
1.030700000000000038e+01	-2.761191955629381134e+00	1.415011774147896919e-03
1.030799999999999983e+01	-2.345819882314149396e+00	1.374694008530014241e-03
1.030899999999999928e+01	-1.947134083714312291e+00	1.356707205698162461e-03
1.031000000000000050e+01	-1.402887964181774194e+00	1.345531622314013543e-03
1.031099999999999994e+01	-6.438250507556791957e-01	1.000640766425729862e-03
1.031199999999999939e+01	-7.383319962644190049e-02	3.909453791449174118e-04
1.031300000000000061e+01	-9.042713402690089053e-01	1.694316610955678537e-04
1.031400000000000006e+01	-1.198041721495648471e+00	4.457134224937915048e-04
1.031499999999999950e+01	-7.839435119099050775e-01	6.590738435418978282e-04
1.031600000000000072e+01	-4.761049333962104058e-01	8.020355194861322670e-04
1.031700000000000017e+01	-7.772266158849612527e-02	9.323195137916659263e-04
1.031799999999999962e+01	2.415506428076024670e-01	1.043394788389365732e-03
1.031900000000000084e+01	5.829046948776019921e-01	1.106489692327586099e-03
1.032000000000000028e+01	8.939414195733454971e-01	1.190387797761204751e-03
1.032099999999999973e+01	1.246835520565780175e+00	1.215432671870965778e-03
1.032199999999999918e+01	1.552320079593470181e+00	1.272516758235544675e-03
1.032300000000000040e+01	1.850928723477707427e+00	1.286068929369356883e-03
1.032399999999999984e+01	2.167655351505156869e+00	1.265629025056319752e-03
1.032499999999999929e+01	2.464975781773025787e+00	1.313593058339290916e-03
1.032600000000000051e+01	2.773067215623756354e+00	1.278618394077483782e-03
1.032699999999999996e+01	3.038420340267339537e+00	1.317548414278884184e-03
1.032799999999999940e+01	-2.950152817311159303e+00	1.299637220630912816e-03
1.032900000000000063e+01	-2.618707288530012889e+00	1.294939398153703526e-03
1.033000000000000007e+01	-2.338556097948555568e+00	1.300675822333834325e-03
1.033099999999999952e+01	-2.044858317063321440e+00	1.295117680319734068e-03
1.033200000000000074e+01	-1.724951622983085908e+00	1.251787578258525997e-03
1.033300000000000018e+01	-1.421837837426365603e+00	1.269170274785529637e-03
1.033399999999999963e+01	-1.124688906205262295e+00	1.280746506484452176e-03
1.033500000000000085e+01	-7.974733059318496187e-01	1.249845470416551278e-03
1.033600000000000030e+01	-4.849253287823993008e-01	1.266750570237465401e-03
1.033699999999999974e+01	-2.015597520002123666e-01	1.265998913137518023e-03
1.033799999999999919e+01	1.406762067505018254e-01	1.278448690228185759e-03
1.033900000000000041e+01	4.291484111721414196e-01	1.287835233385851855e-03
1.033999999999999986e+01	7.838666092485843118e-01	1.285400270760724082e-03
1.034099999999999930e+01	1.082726315716376453e+00	1.270796361662803473e-03
1.034200000000000053e+01	1.387024374461913290e+00	1.319176296816028165e-03
1.034299999999999997e+01	1.704104146085955174e+00	1.358775434062216726e-03
1.034399999999999942e+01	2.030274861262316044e+00	1.399895754117651964e-03
1.034500000000000064e+01	2.351732531627064748e+00	1.416966001943637714e-03
1.034600000000000009e+01	2.644327549971684732e+00	1.424894977185441839e-03
1.034699999999999953e+01	2.983918440005905115e+00	1.464880076464639743e-03
1.034800000000000075e+01	-2.997630145352731645e+00	1.467156467864145922e-03
1.034900000000000020e+01	-2.704968973687075895e+00	1.469507191680244048e-03
1.034999999999999964e+01	-2.402210547862522194e+00	1.530234564149632499e-03
1.035100000000000087e+01	-2.100786719217247800e+00	1.535068476944860668e-03
1.035200000000000031e+01	-1.796380896249690551e+00	1.528223656711168513e-03
1.035299999999999976e+01	-1.481190300278699024e+00	1.497762321809807022e-03
1.035399999999999920e+01	-1.201503661022400138e+00	1.494562227591317164e-03
1.035500000000000043e+01	-8.919820548772998681e-01	1.479263043090289342e-03
1.035599999999999987e+01	-5.662951434756561264e-01	1.484234620803060291e-03
1.035699999999999932e+01	-2.847910007386479370e-01	1.475855390847245069e-03
1.035800000000000054e+01	2.907176220518678175e-02	1.456346051341995181e-03
1.035899999999999999e+01	3.609816341232281456e-01	1.414847406360856749e-03
1.035999999999999943e+01	6.731070891949161306e-01	1.436187130265888581e-03
1.036100000000000065e+01	9.679001412803731608e-01	1.420826868143333080e-03
1.036200000000000010e+01	1.322869110492463030e+00	1.401673418986793809e-03
1.036299999999999955e+01	1.627240245661441431e+00	1.438398295308546734e-03
1.036400000000000077e+01	1.927814214015264760e+00	1.434774757897830854e-03
1.036500000000000021e+01	2.246250180260404239e+00	1.447005518094088587e-03
1.036599999999999966e+01	2.576784052925939150e+00	1.471813819279135620e-03
1.036700000000000088e+01	2.887869468493808878e+00	1.458483875566550254e-03
1.036800000000000033e+01	-3.095831056101908452e+00	1.513971156397807055e-03
1.036899999999999977e+01	-2.793816755443213840e+00	1.507729224041692287e-03
1.036999999999999922e+01	-2.464178125366541128e+00	1.529502584034149026e-03
1.037100000000000044e+01	-2.172152245399295634e+00	1.583819666065284940e-03
1.037199999999999989e+01	-1.865792599450382783e+00	1.617460974707034304e-03
1.037299999999999933e+01	-1.557730036400487128e+00	1.633243610883983307e-03
1.037400000000000055e+01	-1.262803791569723666e+00	1.647602311814510808e-03
1.037500000000000000e+01	-9.547829899378200702e-01	1.625253793515011192e-03
1.037599999999999945e+01	-6.381527174588427220e-01	1.676718293399426067e-03
1.037700000000000067e+01	-3.117281656075491236e-01	1.660115602911595850e-03
1.037800000000000011e+01	-1.917736161999972211e-02	1.681714699408069389e-03
1.037899999999999956e+01	2.994190743920770448e-01	1.679296920745327682e-03
1.038000000000000078e+01	6.099451965441284873e-01	1.641556261398166745e-03
1.038100000000000023e+01	9.457316308385501635e-01	1.674975444519782516e-03
1.038199999999999967e+01	1.258086547204074979e+00	1.659137320410915013e-03
1.038299999999999912e+01	1.602823470223911251e+00	1.620674756073980450e-03
1.038400000000000034e+01	1.903205588396871262e+00	1.646522347278129954e-03
1.038499999999999979e+01	2.224402791014595593e+00	1.611668097267556117e-03
1.038599999999999923e+01	2.547635044050462483e+00	1.617740014404491378e-03
1.038700000000000045e+01	2.881260760277160493e+00	1.617118444274262415e-03
1.038799999999999990e+01	-3.061204363604496326e+00	1.570149761616568924e-03
1.038899999999999935e+01	-2.724177857643670819e+00	1.601318112153148543e-03
1.039000000000000057e+01	-2.397086550287081508e+00	1.599331012209299603e-03
1.039100000000000001e+01	-2.095536532778535133e+00	1.606166898907695042e-03
1.039199999999999946e+01	-1.759134107798628444e+00	1.607788963160641056e-03
1.039300000000000068e+01	-1.443518174277242716e+00	1.585787733698107872e-03
1.039400000000000013e+01	-1.121749006833112405e+00	1.610079612180955388e-03
1.039499999999999957e+01	-8.124931128434694783e-01	1.618026085190994940e-03
1.039600000000000080e+01	-5.049221744592715666e-01	1.592807678361346383e-03
1.039700000000000024e+01	-2.162580806523058397e-01	1.609436957182767839e-03
1.039799999999999969e+01	1.139465283520181837e-01	1.586090192104270494e-03
1.039900000000000091e+01	4.099171594579583133e-01	1.619672972201368841e-03
1.040000000000000036e+01	7.430261988804587325e-01	1.603896102561795916e-03
1.040099999999999980e+01	1.050781697258042602e+00	1.586952833134891785e-03
1.040199999999999925e+01	1.335397785207646404e+00	1.570137896214787807e-03
1.040300000000000047e+01	1.669689226644453184e+00	1.536233085247926903e-03
1.040399999999999991e+01	1.964600915918049306e+00	1.554142281334797366e-03
1.040499999999999936e+01	2.283012699783992794e+00	1.520816847126322570e-03
1.040600000000000058e+01	2.634904672453695085e+00	1.510617772428395891e-03
1.040700000000000003e+01	2.941400350460833035e+00	1.460498080372647084e-03
1.040799999999999947e+01	-2.998850891330393065e+00	1.491008536002764789e-03
1.040900000000000070e+01	-2.655076864722098140e+00	1.423555003674027404e-03
1.041000000000000014e+01	-2.302741040787194216e+00	1.443829999336201670e-03
1.041099999999999959e+01	-1.985607752183962349e+00	1.451466906506425044e-03
1.041200000000000081e+01	-1.627182002977020980e+00	1.446473651673691775e-03
1.041300000000000026e+01	-1.304698020350796961e+00	1.404097812462543624e-03
1.041399999999999970e+01	-9.503547561640296459e-01	1.417990821956836628e-03
1.041499999999999915e+01	-6.302727952068478690e-01	1.438430448428368313e-03
1.041600000000000037e+01	-3.026299392723852955e-01	1.436952050953155128e-03
1.041699999999999982e+01	1.967127603838198652e-02	1.423021536047660695e-03
1.041799999999999926e+01	3.377016015054928877e-01	1.394291115640373989e-03
1.041900000000000048e+01	6.945212228954936728e-01	1.363603722052468938e-03
1.041999999999999993e+01	9.868596406886869232e-01	1.320769170523963722e-03
1.042099999999999937e+01	1.308606798326860554e+00	1.276464469828011506e-03
1.042200000000000060e+01	1.625370294908726976e+00	1.289054661874181745e-03
1.042300000000000004e+01	1.924072700481880061e+00	1.213310748471514364e-03
1.042399999999999949e+01	2.270073424022611697e+00	1.188949445515441938e-03
1.042500000000000071e+01	2.571237099680113491e+00	1.099200697110186246e-03
1.042600000000000016e+01	2.876988917123779910e+00	1.061750510924147801e-03
1.042699999999999960e+01	-3.072286876895546914e+00	9.824244887170318751e-04
1.042800000000000082e+01	-2.700539193943365390e+00	9.624388975333399978e-04
1.042900000000000027e+01	-2.343035761712049414e+00	9.012547444323854061e-04
1.042999999999999972e+01	-2.056019230240767826e+00	8.522335112767931301e-04
1.043099999999999916e+01	-1.679777655587963103e+00	8.446587911552502293e-04
1.043200000000000038e+01	-1.352421736086345305e+00	8.173172419374097981e-04
1.043299999999999983e+01	-9.866676532222568019e-01	7.568638043604485619e-04
1.043399999999999928e+01	-6.975997589743982985e-01	7.430103824635636437e-04
1.043500000000000050e+01	-3.136582723827955332e-01	7.067930164263129403e-04
1.043599999999999994e+01	-4.665209254862910659e-02	6.848670306492502012e-04
1.043699999999999939e+01	2.810097188454458994e-01	6.708415199411692578e-04
1.043800000000000061e+01	5.952244892427343004e-01	6.651940943494351940e-04
1.043900000000000006e+01	9.317742662313129864e-01	6.504303936766829596e-04
1.043999999999999950e+01	1.252817079862414307e+00	6.146689010185521582e-04
1.044100000000000072e+01	1.507256596653478553e+00	5.959118040796314037e-04
1.044200000000000017e+01	1.806797131565615500e+00	5.609082907179243878e-04
1.044299999999999962e+01	2.099138941383981383e+00	5.155103456380234674e-04
1.044400000000000084e+01	2.340826288786753473e+00	4.833210707213890750e-04
1.044500000000000028e+01	2.589935425939752456e+00	4.095769344715445071e-04
1.044599999999999973e+01	2.952118043879766507e+00	3.754850836289500655e-04
1.044699999999999918e+01	-3.094337178041323355e+00	3.358404734576238108e-04
1.044800000000000040e+01	-2.751376370608770383e+00	2.761246989507438413e-04
1.044899999999999984e+01	-2.581136165395023774e+00	2.519656350851863080e-04
1.044999999999999929e+01	-2.389750566684996524e+00	2.177621363938931482e-04
1.045100000000000051e+01	-2.052050366242938129e+00	1.427759671267632370e-04
1.045199999999999996e+01	-1.861969255188532291e+00	1.479234968039088295e-04
1.045299999999999940e+01	-1.691673693664678124e+00	1.150689758774502228e-04
1.045400000000000063e+01	-1.904923519093449258e+00	8.640625308106317183e-05
1.045500000000000007e+01	-2.117366284368380924e+00	8.397742099719168339e-05
1.045599999999999952e+01	-1.420131196722885125e+00	5.557145571473484923e-05
1.045700000000000074e+01	-1.640431597789031803e+00	5.324249201318462552e-05
1.045800000000000018e+01	-1.574959053611046711e+00	7.051482868722045718e-05
1.045899999999999963e+01	-1.304863627898983136e+00	1.144375820615376425e-04
1.046000000000000085e+01	-9.339056075529003076e-01	1.248993919638981449e-04
1.046100000000000030e+01	-8.550409058365415760e-01	1.493832412439874630e-04
1.046199999999999974e+01	-4.666505621711228291e-01	1.249257201288307673e-04
1.046299999999999919e+01	-2.019230559652921905e-02	1.756119537589355406e-04
1.046400000000000041e+01	1.188017165417303705e-01	1.925097199629324210e-04
1.046499999999999986e+01	4.220089069738926502e-01	2.327274413722851658e-04
1.046599999999999930e+01	6.780142180645828409e-01	2.847706755826579037e-04
1.046700000000000053e+01	1.065964518173422526e+00	3.370250046879675904e-04
1.046799999999999997e+01	1.320768348614338228e+00	3.254031464186565924e-04
1.046899999999999942e+01	1.684726413811094892e+00	3.669520181245717553e-04
1.047000000000000064e+01	1.931680827057167926e+00	3.954334477766679513e-04
1.047100000000000009e+01	2.221445295137571385e+00	4.528485577456297360e-04
1.047199999999999953e+01	2.465280029032947517e+00	4.913773375070598247e-04
1.047300000000000075e+01	2.745666868813647632e+00	4.864233919657242429e-04
1.047400000000000020e+01	2.980056694837716957e+00	5.237085017523074619e-04
1.047499999999999964e+01	-2.960359493924379581e+00	5.246186405277244178e-04
1.047600000000000087e+01	-2.667023207379896288e+00	5.489146188372868171e-04
1.047700000000000031e+01	-2.395341571886154597e+00	6.060351415906082640e-04
1.047799999999999976e+01	-2.048162764809625003e+00	5.870358500883385549e-04
1.047899999999999920e+01	-1.761701693996843066e+00	6.223872418718763306e-04
1.048000000000000043e+01	-1.481457438962769046e+00	6.309801752505484005e-04
1.048099999999999987e+01	-1.178072881439554465e+00	6.208961437242698032e-04
1.048199999999999932e+01	-7.683149097624039081e-01	6.128318324156496353e-04
1.048300000000000054e+01	-4.512249346043462062e-01	6.522819026093118347e-04
1.048399999999999999e+01	-1.706361491406208353e-01	6.391603598795748704e-04
1.048499999999999943e+01	1.951006697020016278e-01	6.455297901074705984e-04
1.048600000000000065e+01	5.731845688281296258e-01	6.888455145371467176e-04
1.048700000000000010e+01	8.841554563715768866e-01	6.989278502405537555e-04
1.048799999999999955e+01	1.189890413130306523e+00	7.566102601204085110e-04
1.048900000000000077e+01	1.533483943287769158e+00	7.770669857039072537e-04
1.049000000000000021e+01	1.830859988420140416e+00	8.025962190339414135e-04
1.049099999999999966e+01	2.113005985539558207e+00	8.113094772206222525e-04
1.049200000000000088e+01	2.441069497978464842e+00	8.582583218245090802e-04
1.049300000000000033e+01	2.744164693236045949e+00	8.461313969383367668e-04
1.049399999999999977e+01	3.034622095042278644e+00	8.662120049591091799e-04
1.049499999999999922e+01	-2.926728517178577516e+00	8.783140247998286881e-04
1.049600000000000044e+01	-2.609684457708539629e+00	9.023696129198735798e-04
1.049699999999999989e+01	-2.323546205778403095e+00	8.965168662830113417e-04
1.049799999999999933e+01	-2.009154662407498293e+00	9.148908791531737807e-04
1.049900000000000055e+01	-1.716052833688016976e+00	9.464961105507885882e-04
1.050000000000000000e+01	-1.425806614640480863e+00	9.048673215238828846e-04
