freq	demod_Phase0	demod_Magnitude0
1.030000000000000071e+01	1.375567392179363413e+00	1.572988905146121240e-03
1.030010000000000048e+01	1.378018215323797202e+00	1.600572579522690228e-03
1.030020000000000024e+01	1.417870053211039538e+00	1.597963024554904755e-03
1.030030000000000001e+01	1.453372933719607296e+00	1.556384420062713629e-03
1.030040000000000155e+01	1.459166695104812561e+00	1.569245224659697674e-03
1.030050000000000132e+01	1.509781725383593232e+00	1.553310038526128922e-03
1.030060000000000109e+01	1.551595474676569664e+00	1.562120789664054590e-03
1.030070000000000086e+01	1.566790915996504552e+00	1.589817905780947956e-03
1.030080000000000062e+01	1.601894236113609926e+00	1.562725187868773324e-03
1.030090000000000039e+01	1.607314568826396561e+00	1.567794243144269434e-03
1.030100000000000016e+01	1.663984254789573569e+00	1.574065302179242275e-03
1.030109999999999992e+01	1.689331746130496859e+00	1.555723360235335443e-03
1.030120000000000147e+01	1.694381537373280899e+00	1.561685165864289473e-03
1.030130000000000123e+01	1.731377542493931943e+00	1.571518425071119409e-03
1.030140000000000100e+01	1.763648939892687784e+00	1.527602266387497864e-03
1.030150000000000077e+01	1.776456257947931716e+00	1.537579831736088712e-03
1.030160000000000053e+01	1.803575168418277697e+00	1.537499186266280725e-03
1.030170000000000030e+01	1.842268910697557605e+00	1.514620644187021159e-03
1.030180000000000007e+01	1.894610343421107901e+00	1.538223515383430398e-03
1.030189999999999984e+01	1.917228437519137740e+00	1.526154858509975835e-03
1.030200000000000138e+01	1.930247308302510456e+00	1.499716943459207790e-03
1.030210000000000115e+01	1.956281166242305414e+00	1.534394783034733964e-03
1.030220000000000091e+01	2.001100019891079995e+00	1.502242581476113123e-03
1.030230000000000068e+01	2.017297971979298055e+00	1.528252240181204478e-03
1.030240000000000045e+01	2.068953161355890913e+00	1.536545626002349622e-03
1.030250000000000021e+01	2.082083120334467186e+00	1.532576728105509165e-03
1.030259999999999998e+01	2.135960231361004880e+00	1.504830950994633706e-03
1.030270000000000152e+01	2.161049904192541948e+00	1.487992541604337814e-03
1.030280000000000129e+01	2.186798824992727930e+00	1.527538526958938667e-03
1.030290000000000106e+01	2.196840730205086967e+00	1.497229174937283937e-03
1.030300000000000082e+01	2.237502396914372138e+00	1.484211279654774635e-03
1.030310000000000059e+01	2.257297767228251040e+00	1.504199523544270988e-03
1.030320000000000036e+01	2.302082812512995957e+00	1.512300412648328761e-03
1.030330000000000013e+01	2.338350771521224836e+00	1.463395743827232377e-03
1.030339999999999989e+01	2.353796723744982611e+00	1.488623480009890459e-03
1.030350000000000144e+01	2.409743273972365429e+00	1.464654480440672618e-03
1.030360000000000120e+01	2.419189010870977263e+00	1.454777053521012038e-03
1.030370000000000097e+01	2.473297919865750316e+00	1.468265037764624392e-03
1.030380000000000074e+01	2.478473769156307682e+00	1.482469837852674541e-03
1.030390000000000050e+01	2.528881088694562962e+00	1.482666003067446793e-03
1.030400000000000027e+01	2.565903553837921791e+00	1.483162459997235724e-03
1.030410000000000004e+01	2.572573310323865936e+00	1.467211964528092544e-03
1.030419999999999980e+01	2.612106200766446396e+00	1.464791019694332329e-03
1.030430000000000135e+01	2.655547019477794812e+00	1.480149239817899094e-03
1.030440000000000111e+01	2.702447905626603308e+00	1.463916265391656570e-03
1.030450000000000088e+01	2.734443606831754803e+00	1.464005903680608203e-03
1.030460000000000065e+01	2.760857067360416028e+00	1.428617656653547591e-03
1.030470000000000041e+01	2.776076032966229956e+00	1.451258171626404903e-03
1.030480000000000018e+01	2.831506610514685107e+00	1.436622832022851903e-03
1.030489999999999995e+01	2.861090726788745542e+00	1.416380884510091542e-03
1.030499999999999972e+01	2.902450886112212913e+00	1.448107406683919523e-03
1.030510000000000126e+01	2.930600633021899881e+00	1.434598874448758882e-03
1.030520000000000103e+01	2.939466398118008694e+00	1.430154646179141982e-03
1.030530000000000079e+01	2.994506698176901960e+00	1.409980157325741758e-03
1.030540000000000056e+01	3.013318209499231237e+00	1.439235985040642884e-03
1.030550000000000033e+01	3.055897895208409931e+00	1.396100148838353696e-03
1.030560000000000009e+01	3.082230478173305865e+00	1.402340202181081305e-03
1.030569999999999986e+01	-3.134004887445696497e+00	1.420536697516351773e-03
1.030580000000000140e+01	-3.110328269274533319e+00	1.407686576563121688e-03
1.030590000000000117e+01	-3.075827111626844079e+00	1.425963174731175419e-03
1.030600000000000094e+01	-3.038884500195689231e+00	1.423707645445818721e-03
1.030610000000000070e+01	-2.997011643404158043e+00	1.423951547291682149e-03
1.030620000000000047e+01	-2.961799890856804840e+00	1.414331200228576566e-03
1.030630000000000024e+01	-2.944942619238836823e+00	1.389810004344967749e-03
1.030640000000000001e+01	-2.903637351702449187e+00	1.383154898854975631e-03
1.030649999999999977e+01	-2.860737001874461338e+00	1.387930592785550140e-03
1.030660000000000132e+01	-2.822071729036510490e+00	1.412215060813958338e-03
1.030670000000000108e+01	-2.818139104853874866e+00	1.393773856689123130e-03
1.030680000000000085e+01	-2.774734444377100928e+00	1.416330270647520387e-03
1.030690000000000062e+01	-2.736084124511207971e+00	1.420431728467659669e-03
1.030700000000000038e+01	-2.673921278196835782e+00	1.396471115758259789e-03
1.030710000000000015e+01	-2.640009964154685029e+00	1.394605381330081594e-03
1.030719999999999992e+01	-2.602500205520696497e+00	1.390164688921290614e-03
1.030729999999999968e+01	-2.588953511463305102e+00	1.388120106855108161e-03
1.030740000000000123e+01	-2.544299732134898129e+00	1.412752373780122497e-03
1.030750000000000099e+01	-2.489365652482224522e+00	1.404229324040611945e-03
1.030760000000000076e+01	-2.478002812047555903e+00	1.395206557247288858e-03
1.030770000000000053e+01	-2.421287774290995287e+00	1.369751316817062383e-03
1.030780000000000030e+01	-2.388591476863166196e+00	1.363157003787013495e-03
1.030790000000000006e+01	-2.334770523768727291e+00	1.407707642146119710e-03
1.030799999999999983e+01	-2.317665074019852778e+00	1.412465641293372256e-03
1.030810000000000137e+01	-2.285001808893016850e+00	1.396574524784493457e-03
1.030820000000000114e+01	-2.223448325410984694e+00	1.414526291355985930e-03
1.030830000000000091e+01	-2.200772724326090390e+00	1.408634483545639048e-03
1.030840000000000067e+01	-2.135039411705410117e+00	1.394206975239183945e-03
1.030850000000000044e+01	-2.109887529872001011e+00	1.372604635634964510e-03
1.030860000000000021e+01	-2.042956789712491616e+00	1.381749689309215434e-03
1.030869999999999997e+01	-2.029358453065148282e+00	1.374215243898170569e-03
1.030879999999999974e+01	-1.991463037382963153e+00	1.403717775371807414e-03
1.030890000000000128e+01	-1.934853798146929149e+00	1.387944762372237502e-03
1.030900000000000105e+01	-1.866639329191511321e+00	1.401935364517035466e-03
1.030910000000000082e+01	-1.820755185310670488e+00	1.400566686719298621e-03
1.030920000000000059e+01	-1.800947501824325725e+00	1.381059060620025945e-03
1.030930000000000035e+01	-1.723700973314613138e+00	1.374843821757096123e-03
1.030940000000000012e+01	-1.678090290063483536e+00	1.375486466325321873e-03
1.030949999999999989e+01	-1.643861564805639608e+00	1.357589229733975524e-03
1.030959999999999965e+01	-1.592056772462300929e+00	1.397913257965710835e-03
1.030970000000000120e+01	-1.544319494228825640e+00	1.364481681035182095e-03
1.030980000000000096e+01	-1.469821240258142314e+00	1.382229873504943734e-03
1.030990000000000073e+01	-1.433580167583651477e+00	1.350997226071223422e-03
1.031000000000000050e+01	-1.363456143334371928e+00	1.324798554794182244e-03
1.031010000000000026e+01	-1.277346400445664054e+00	1.333835040655351927e-03
1.031020000000000003e+01	-1.211128358292421492e+00	1.311662435945326827e-03
1.031029999999999980e+01	-1.167677335367332425e+00	1.271997607593550964e-03
1.031040000000000134e+01	-1.080937420990439657e+00	1.248464021905893676e-03
1.031050000000000111e+01	-9.961667513127120399e-01	1.222367317234400669e-03
1.031060000000000088e+01	-9.419212116313681049e-01	1.194364352142314283e-03
1.031070000000000064e+01	-8.573945578969980330e-01	1.163715440644978467e-03
1.031080000000000041e+01	-7.657077695843998999e-01	1.128971331168368650e-03
1.031090000000000018e+01	-6.528087148087673430e-01	1.057828235805080130e-03
1.031099999999999994e+01	-5.660784621163560404e-01	9.838836096090679360e-04
1.031109999999999971e+01	-5.321240927027683920e-01	9.423259802316006836e-04
1.031120000000000125e+01	-4.100210883587828148e-01	8.596976859561939518e-04
1.031130000000000102e+01	-3.862910214264304587e-01	8.106490865471729489e-04
1.031140000000000079e+01	-2.654149050536091514e-01	7.242453866788195948e-04
1.031150000000000055e+01	-1.942240533741628195e-01	6.716493420096258807e-04
1.031160000000000032e+01	-1.995233158523783135e-01	6.426443667310138786e-04
1.031170000000000009e+01	-1.136058451083857002e-01	5.811381360488905015e-04
1.031179999999999986e+01	-5.476435582081284198e-02	5.110063190958930935e-04
1.031189999999999962e+01	-3.665743742460554622e-02	4.808793060955353946e-04
1.031200000000000117e+01	-7.954414224650660503e-02	4.173185998617253063e-04
1.031210000000000093e+01	-9.246220804402628668e-02	3.664675562001668560e-04
1.031220000000000070e+01	-4.610266386973079639e-02	3.160413385492363120e-04
1.031230000000000047e+01	-7.872544890279109531e-02	3.175578360809752274e-04
1.031240000000000023e+01	-1.661913945018252958e-01	2.464170757281683877e-04
1.031250000000000000e+01	-1.954968875043358034e-01	2.588737897962837251e-04
1.031259999999999977e+01	-2.930475336365040429e-01	1.908733035654877294e-04
1.031270000000000131e+01	-5.245508592445538021e-01	1.839222065833496752e-04
1.031280000000000108e+01	-5.156034560841987746e-01	2.009842677994448364e-04
1.031290000000000084e+01	-5.911170148979306704e-01	1.786031964164250870e-04
1.031300000000000061e+01	-8.466196657498492595e-01	2.199285157674999835e-04
1.031310000000000038e+01	-1.021888159809646091e+00	2.122679439160035251e-04
1.031320000000000014e+01	-8.879729466073029709e-01	2.311639890888030980e-04
1.031329999999999991e+01	-1.049270380303506611e+00	2.798558098046578704e-04
1.031339999999999968e+01	-1.159658209602775880e+00	2.682151550405929732e-04
1.031350000000000122e+01	-1.119908951149902077e+00	3.237842286740525962e-04
1.031360000000000099e+01	-1.190549617324130782e+00	3.246755183400128024e-04
1.031370000000000076e+01	-1.104967038530721535e+00	3.333650713398336350e-04
1.031380000000000052e+01	-1.123024189241325077e+00	3.975348021763762201e-04
1.031390000000000029e+01	-1.146468878020093562e+00	4.001669068552784017e-04
1.031400000000000006e+01	-1.034047220492277708e+00	4.239689610562653757e-04
1.031409999999999982e+01	-1.095273960338141173e+00	4.774986081775468177e-04
1.031419999999999959e+01	-1.075909094779783359e+00	4.997507868525270141e-04
1.031430000000000113e+01	-1.028285838522978723e+00	5.071256515465145292e-04
1.031440000000000090e+01	-9.463609095046932040e-01	5.065924426749634623e-04
1.031450000000000067e+01	-8.966143955002152666e-01	5.558334018223115786e-04
1.031460000000000043e+01	-9.233049221552233066e-01	5.525140654596169369e-04
1.031470000000000020e+01	-8.743377548103541397e-01	5.797945848885477631e-04
1.031479999999999997e+01	-8.020553862268172685e-01	6.332911374755797670e-04
1.031489999999999974e+01	-8.220722597841797485e-01	6.543436030101200743e-04
1.031500000000000128e+01	-7.934059154977056716e-01	6.559398646100106714e-04
1.031510000000000105e+01	-7.594554907044855918e-01	6.743329277136863968e-04
1.031520000000000081e+01	-6.786123126793770499e-01	6.834258499925754396e-04
1.031530000000000058e+01	-6.269884753564693991e-01	7.014140552828410525e-04
1.031540000000000035e+01	-5.887439386965214183e-01	7.139259609144485083e-04
1.031550000000000011e+01	-5.486579797932925606e-01	7.579389498549266935e-04
1.031559999999999988e+01	-5.105279810431705423e-01	7.645798046240333485e-04
1.031569999999999965e+01	-5.244663762971938370e-01	7.695978564418361895e-04
1.031580000000000119e+01	-4.701007957742516785e-01	8.141672642727404907e-04
1.031590000000000096e+01	-4.493618687934574085e-01	7.857504614006787218e-04
1.031600000000000072e+01	-3.656396722767465968e-01	8.354556980538134590e-04
1.031610000000000049e+01	-3.794943729011861500e-01	8.464466125158551409e-04
1.031620000000000026e+01	-3.364982529294430758e-01	8.674672157244879903e-04
1.031630000000000003e+01	-2.951669465501927103e-01	8.953638639048870120e-04
1.031639999999999979e+01	-2.555566402304301210e-01	9.002657036162620705e-04
1.031649999999999956e+01	-2.290924174368339228e-01	9.083465689882676145e-04
1.031660000000000110e+01	-1.385007751798302267e-01	9.236547448549597104e-04
1.031670000000000087e+01	-1.296464366603247709e-01	9.365559647843217086e-04
1.031680000000000064e+01	-1.208001057024585545e-01	9.318564752313088445e-04
1.031690000000000040e+01	-7.106916482045988470e-02	9.700452254772621869e-04
1.031700000000000017e+01	-7.556801910848346543e-03	9.562592930558735070e-04
1.031709999999999994e+01	8.089359798325314668e-03	9.545224231052401543e-04
1.031719999999999970e+01	2.120212135835564116e-02	9.772805000381134220e-04
1.031729999999999947e+01	5.758724893494136798e-02	9.943883358396598138e-04
1.031740000000000101e+01	1.146795683344623978e-01	9.851484198072353420e-04
1.031750000000000078e+01	1.432829521344898271e-01	9.972194468539348575e-04
1.031760000000000055e+01	1.637678372717266684e-01	1.045318898215501485e-03
1.031770000000000032e+01	1.993982753763423321e-01	1.048742151177494645e-03
1.031780000000000008e+01	2.219485813419947717e-01	1.051653029580270357e-03
1.031789999999999985e+01	2.651808315277935368e-01	1.054009620869810490e-03
1.031799999999999962e+01	2.994659477546202653e-01	1.043130305152474221e-03
1.031810000000000116e+01	3.668129513876409176e-01	1.080470703525252419e-03
1.031820000000000093e+01	3.930639448525602986e-01	1.058842524964704246e-03
1.031830000000000069e+01	4.044924427622553220e-01	1.086258598002540817e-03
1.031840000000000046e+01	4.519983071748074344e-01	1.076678335746735285e-03
1.031850000000000023e+01	4.890969727215772056e-01	1.127524254742230756e-03
1.031859999999999999e+01	5.000281183908522609e-01	1.115899538360608321e-03
1.031869999999999976e+01	5.483746885972280438e-01	1.096315280008370056e-03
1.031879999999999953e+01	5.903495448907083443e-01	1.109514117947886947e-03
1.031890000000000107e+01	6.171205755687103611e-01	1.143375420838605360e-03
1.031900000000000084e+01	6.966144523220679785e-01	1.194075907009765642e-03
1.031910000000000061e+01	6.862473566910185507e-01	1.122687251511371226e-03
1.031920000000000037e+01	7.166999586299928060e-01	1.168957833488125505e-03
1.031930000000000014e+01	7.241393540001997975e-01	1.160280054154999357e-03
1.031939999999999991e+01	7.625675084740985987e-01	1.140421501282204084e-03
1.031949999999999967e+01	8.313461089825744388e-01	1.160613612129968251e-03
1.031959999999999944e+01	8.310714999443757911e-01	1.194406716871663880e-03
1.031970000000000098e+01	8.684854361831385594e-01	1.190107237875226388e-03
1.031980000000000075e+01	9.008999457122826016e-01	1.166575499691422562e-03
1.031990000000000052e+01	9.336490190863033778e-01	1.205244869753062604e-03
1.032000000000000028e+01	9.730262294741847118e-01	1.218450540936729266e-03
